2149039
996665
3935210
702948
702671
702083
4510320
1708495
1687855
1522186
1738393
1645691
1721203
1712769
701786
701004
1210422
702691
702177
703058
702076
700713
702153
702502
702385
702091
2921653
701850
702507
702985
703020
701758
701178
703053
702182
702941
702901
4977261
702123
2804010
711120
702406
702572
996640
703127
702694
702603
996691
5623375
702411
701174
702805
996701
701895
1739848
701106
702579
701048
3727817
701933
3787805
701993
1547650
700946
701027
702519
702608
1712519
4652846
1703226
701990
702313
3463004
996351
996666
2199473
4359903
996622
1513166
702476
2386321
703108
701166
996761
996274
1702012
702303
996729
700891
1721196
1337724
700742
996343
701449
1735433
996677
700844
1340740
4614430
4166204
3363780
702745
701435
702109
701785
996755
5612887
702239
2841466
703160
701035
702788
1714022
996675
996361
5399990
702860
702345
700851
1708473
1292635
2338247
701885
703084
702114
700990
702154
996739
1518301
703146
701842
996678
701102
996699
701921
1509264
702191
1500545
996687
702065
996764
996746
996021
1340746
702576
1522710
1500162
2507748
996750
2199481
996684
700994
996643
996654
2199041
996772
1702508
996726
996280
1743246
5148220
5320897
1685812
1726184
3066067
700950
701171
1706936
701445
2217692
700846
996700
4978011
701995
701457
702478
701937
1480777
1734913
1068597
702201
996741
1717909
996724
1708359
702928
700954
3055097
996515
702189
702473
5233698
996647
701918
996292
2841515
1520088
700964
996747
1712783
711098
702085
710926
700726
702094
4037949
1470006
4397304
702827
1214678
3930453
702244
701056
701907
702215
701790
700739
924201
5279766
5033287
701060
1517773
702768
701037
1525718
996717
701920
700707
703036
756595
702904
702257
1509723
5863539
700953
702173
996649
996756
4605811
701846
702977
702415
1715426
702973
1715423
6632950
1713968
1526285
701776
702898
1708516
702662
6635170
6637657
702585
1708354
225033
178130
700695
702798
537213
702883
701762
700906
6505756
1710332
701460
1715671
6536601
1714024
6521498
1714013
700696
1713718
1709537
1698162
700935
1709472
6541952
1735739
702497
1730020
1729985
1729982
6371418
701888
1729831
6475683
1716010
701463
6478006
1715690
6477977
6514290
1883320
1877205
702850
1874781
1830021
6312071
1805372
1547647
1547645
1740942
1740929
1740789
1740548
6345473
1740271
703105
2286001
702500
702888
2265607
2262798
700995
702862
2166703
702365
2128011
701019
6313517
2038144
700943
1740006
702084
1547322
1735116
6374003
1734880
1734050
6372871
1733667
703086
6377546
700966
1734495
1732904
6412858
2803581
2802536
2793470
6158553
2561781
1530655
6134051
2561198
792419
2509240
711794
6174856
2507598
2506180
2503471
702380
2997438
2991260
702046
2890952
700977
2890727
2889308
701074
2860236
2865554
2850443
2848775
2845639
2809280
4547402
4506068
700877
4497403
4423954
4397003
4397115
4396561
1509261
5885450
4125688
4090051
702327
6056283
3930490
4721753
1011435
4720690
511922
701492
702003
5906602
4636720
4636656
702310
4605344
1509258
5996116
1509594
4548758
3730917
3728562
702461
700981
996676
700686
3632428
996671
3460691
3328380
3291218
701808
3177549
3079464
701813
5351316
5310700
701799
5279275
5217594
5205426
5205266
5176508
5176498
1340790
5100153
1340776
5091609
5054370
5051957
5705888
1513105
701675
5674430
5674294
5674237
5674211
5673904
5673865
5633576
5614975
702623
5615168
5615165
5470151
1518615
701891
1509533
5967086
5911096
5907269
1512847
5885304
5859457
5792604
702250
5708640
5707925
1513172
5705899
6516364
1686453
6477270
1661861
702095
6467684
6425915
1550341
1547462
6373313
702627
1547979
6335479
6331686
702606
6274088
6264526
6245068
1526288
6137288
1530562
6135409
1522144
1522049
6085336
6079497
6078888
1518260
6046110
1518624
702626
1714019
2511398
1701974
6632959
6632947
6632573
700903
6573064
702665
6553503
6543359
6542682
1689965
4721765
5615172
4971327
702033
1316446
1316450
5693199
4960124
4958446
4957850
4957841
702464
4959467
5708575
4777741
1011503
5030002
5024518
5033083
700924
5033068
5024496
5028884
4998205
4998194
4997927
1337757
1337716
702322
4971582
4970662
4122929
702273
702368
702288
1549853
3930466
5148215
700690
5705555
6446374
5673274
6045691
701947
2869686
472096
702847
1740969
1708434
6485651
2764324
4724258
1729988
4957888
3487721
5674149
702081
702107
702866
1708400
5470064
5091654
5615169
701441
4956645
6508323
4123563
1729691
703115
701893
6444949
5703869
5941984
2893907
3930488
5099264
702880
6070609
1877662
701436
5923825
702712
1316486
1708490
2802131
5634445
6218805
702709
2803259
2192780
1521464
4090084
4090089
1530587
6412762
4965350
700692
2074950
4690545
3989130
1729781
702018
1709786
6331697
1719063
702813
4548681
2070037
1740965
1728135
701186
5705898
3733838
4726750
4998193
702638
6237986
1701986
5099637
2645354
702387
6344997
5798763
6475449
1316480
702734
5894854
1340800
4963376
6206028
1703248
4963956
702447
6544976
1526302
701738
4690584
2605871
6261497
5474690
6072193
4396719
3112281
701892
4978627
1729926
4624868
703161
1882450
1735479
3723661
2199408
5339536
703125
1513101
2509550
6085639
703151
996623
1709452
1702450
3289967
700687
6542744
4370946
1726312
6444969
2893480
702900
700859
703175
1518262
2224000
4978650
5674141
4982126
702591
700907
1530674
1740329
703117
703173
1712780
702763
702347
2841746
2192778
1512380
4602390
1550131
702517
700982
1513107
4957699
701054
1712584
1521418
1708460
1721184
4624791
702540
4396592
702393
1518303
5611757
6257258
702674
700944
702207
701973
701773
701468
5073199
1708500
846715
702972
5399805
701966
5493212
1739855
702837
702834
701960
6376651
1517799
5756201
4970713
4438807
2561197
1708482
702474
702079
1340795
1883211
2506157
703041
702962
702844
2865878
1713796
3290678
1525652
1337736
1692537
701848
700987
996291
3055384
1941836
5974968
6113229
4624821
703121
700873
702025
1868962
703165
1708546
1513104
1687706
2075286
700996
2200324
5240114
702000
4977321
1708428
701903
3930469
1700401
4690625
2890843
1498700
6079514
1702029
4959590
1709504
2605868
6376801
6464263
703017
701749
6347021
700979
1340724
702913
6078613
5729023
1340712
702686
702811
2199333
700839
702467
701735
5702247
2199331
700881
700961
2511668
701763
1518379
4548914
1734150
1340754
3290188
1715749
700949
701029
702816
4905251
703075
1525665
1703238
2139172
701969
996716
703003
701855
759927
700911
2510925
701026
5792367
5524344
702676
3639600
702349
1709540
2804355
700708
700849
1316462
701439
1690822
702068
1698132
1011479
1729910
701851
703039
4437472
1715670
703134
1316476
702482
702185
5612791
1708515
996067
700852
700854
703152
2803929
702769
5025118
4905320
702939
701959
701847
5620492
1827628
1716070
2199377
1509635
701028
702167
1547444
1509543
2192781
703018
702730
702356
6403513
700700
996282
1525643
702613
4963390
2804110
1292968
701482
5994318
702370
700754
702645
4122994
5342344
702477
1316424
1645698
1708512
4014394
996710
5612398
1512849
4641859
1715684
5973952
2199332
6137815
703142
1709543
702934
2835192
1518538
702343
5033536
4144315
700952
5028883
3904175
1713762
702856
700842
700909
702471
2889455
700684
700855
996731
6464299
4037217
1938349
1875710
700705
702444
702908
1550109
4339530
702228
5281981
1729943
700971
701462
702618
996367
4905169
2249055
702418
700997
1521468
700752
1513097
2846122
702030
2511149
702577
1340730
2506739
702757
1687204
4978012
702375
702733
702915
701729
6265288
5612591
701745
5218289
703164
2199487
702359
1734156
4969215
702567
702089
702390
702582
701954
3484802
702470
1513169
702679
1708378
702450
4970792
1708425
702329
703135
1522137
703077
702217
701473
1573434
702960
1340787
846817
2511118
6106220
1715689
2199595
3641505
703011
1634804
702020
1871710
1692548
6024419
2511680
1696592
701755
2900895
702772
702236
1316471
702764
996712
1882425
701023
1340785
1509252
2510837
702656
703113
703168
2511018
701489
1729934
701045
702570
1517748
702011
1873661
703122
702782
5217686
702976
3029194
702946
1513095
2075417
4641202
2846068
701674
5482930
701485
4591738
1547388
4036596
703110
996759
5256036
702612
5440114
702701
702872
703059
1573826
3930484
2890910
6080213
1513175
702927
701127
1340801
1684999
700704
996689
1316069
4497025
702558
1583459
701794
701109
700744
5908090
701001
996680
701039
702514
700715
3003104
5215538
702193
702490
6245174
701766
701774
1549991
1341936
1340720
3929674
701901
702487
1965577
5148318
6205755
702683
703021
4971371
1316455
2904263
6078508
1547567
702263
1739809
6205793
4963885
996279
703180
2507672
702334
702660
701063
701835
702357
702668
702688
700733
700925
701431
1522040
1739146
702565
4963158
996765
700980
702338
703136
5612802
701052
2804095
701910
700975
996682
1712773
701450
1386680
702051
5673268
5846887
701879
701125
1509537
702950
701945
996653
701938
4396331
702597
701049
6064507
996725
6079931
702526
996644
702925
996735
996664
701087
996660
1340728
702624
701177
1735795
702875
3630807
702727
701034
702952
701834
1513310
702812
702995
1715655
1517751
702351
700874
2889319
2199104
701453
702092
1337753
701065
996667
846806
1729942
700899
702765
702725
1334634
700876
2846299
5771960
702697
4090094
1700390
996661
2998503
1497044
1715408
702756
1619469
702620
701145
702610
700902
996679
701058
703147
4397264
701133
702989
4122995
1426608
702386
700734
1508346
703109
701050
1530783
1517813
2088618
996642
702241
996757
1530599
1457576
996718
702072
703049
756545
1986577
701805
2966824
701494
702533
701743
6115992
701022
928383
1702467
1467141
701868
700711
711107
701091
702305
4298297
700747
4123564
5894674
998383
996287
1698017
701777
1584632
996738
1517796
996752
5708596
996685
700866
703080
996352
996751
700863
702921
1419991
4971873
996698
2199501
701051
702261
703129
5127118
1761540
1057378
1518595
700709
1497031
702333
1517794
702459
1306258
701477
703137
700864
1683831
5732536
6231781
1457632
5273814
996732
2326889
928337
996719
1457601
1518072
1063905
1463080
702669
703066
1489251
702466
996026
1320527
996371
996737
1619365
1517756
702246
996745
701941
1497043
996285
1500654
996769
703132
1378559
909882
2266767
1420009
700722
700729
700748
1117436
702830
924146
4374804
703149
2171593
995674
2207122
1517786
982054
996050
1517745
996652
996271
996362
1280985
996657
1306382
995162
1027224
996638
700948
700960
996749
1497038
1517802
996683
996636
1530982
702311
701061
996730
1520077
996727
4661916
6259650
995970
909890
2104614
1972526
701844
702983
1257190
1497020
702922
999923
1316162
996754
2998523
6211014
1477924
996030
996022
703179
996775
928362
702910
1497032
1300392
1116290
846807
924188
4590342
3485539
996628
702954
983946
996022
703179
996775
928362
702910
1497032
1300392
1116290
846807
924188
4590342
3485539
996628
702954
983946
